Input parameters:
 &PARAMETERS
 W0      =  5.788381000000000E-005,
 W1      =  5.788381000000000E-006,
 W       =  1.157676200000000E-005,
 LAMBDA_P        =  0.000000000000000E+000,
 LAMBDA_O        = -5.000000000000000E-002,
 N       =           1,
 INTEGRATION_TIME        =   5000000.00000000     ,
 YN_INITIAL      = (0.000000000000000E+000,0.000000000000000E+000), (1.00000000000000,0.000000000000000E+000),
 LINEAR  = F,
 SC_TOL  =  1.000000000000000E-005,
 DELTA   =  0.900000000000000     ,
 ATOL    =  1.000000000000000E-004,
 RTOL    =  1.000000000000000E-004,
 ALPHA   =  0.700000000000000     ,
 BETA    =  0.400000000000000     
 /
